24 14 92
0 1 0 3 T
0 2 10 1 B
0 4 0 3 G
0 10 0 3 G
0 11 3 3 L
0 12 0 2 M
1 2 10 3 B
1 3 0 3 G
1 4 10 3 B
1 6 3 3 L
1 10 99 3 J
1 13 10 3 B
2 2 0 3 M
2 6 0 3 G
3 6 0 3 T
3 10 2 3 Z
3 12 2 3 Z
4 2 99 3 J
4 4 0 3 G
4 5 99 2 J
4 7 0 3 M
4 9 4 3 O
4 11 2 3 Z
5 5 99 3 J
5 6 4 3 O
5 8 0 3 M
5 9 4 0 O
6 3 0 3 T
6 9 4 2 O
6 10 4 3 O
7 0 9 3 W
7 2 9 3 W
7 5 10 3 B
7 7 10 3 B
7 11 2 3 Z
8 0 0 3 G
8 3 10 3 B
8 7 99 3 J
8 9 99 3 J
8 10 4 3 A
9 2 2 3 Z
10 1 10 3 B
10 6 4 3 A
10 7 0 3 T
10 11 0 3 G
10 13 3 3 L
11 1 99 3 J
11 9 10 3 B
12 3 0 3 G
12 4 4 3 A
12 13 9 3 W
13 0 0 3 G
13 3 4 3 A
13 7 99 3 J
13 9 0 3 M
13 10 0 1 M
14 4 9 3 W
14 9 0 0 M
14 10 0 3 T
14 13 4 3 O
15 10 0 3 M
15 11 4 3 A
16 3 2 3 Z
16 10 0 0 M
16 12 10 3 B
17 2 0 3 G
17 4 4 3 A
17 8 99 3 J
18 7 3 3 L
18 8 2 3 Z
18 10 12 3 W
18 12 99 3 J
19 3 4 3 O
19 12 3 3 L
20 0 7 3 O
20 3 4 3 A
20 9 10 3 B
20 10 99 3 J
20 12 99 2 J
20 13 2 3 Z
21 2 2 3 Z
21 11 10 3 B
21 12 99 3 J
21 13 2 3 Z
22 1 4 3 O
22 2 2 3 Z
22 5 0 3 T
22 13 0 3 G
23 5 9 3 W
23 7 0 3 G
23 8 99 3 J
23 12 9 3 W